2026-04-12 16:50:19.576802 INFO::Writing function arguments to log file
2026-04-12 16:50:19.577122 DEBUG::Function arguments
2026-04-12 16:50:19.577269 DEBUG::Output folder: MMUPHin_lm_meta//HanniganGD_2017.metaphlan_bugs_list.stool
2026-04-12 16:50:19.5774 DEBUG::Min Abundance: 0.000000
2026-04-12 16:50:19.577527 DEBUG::Min Prevalence: 0.000000
2026-04-12 16:50:19.577655 DEBUG::Normalization: NONE
2026-04-12 16:50:19.577779 DEBUG::Transform: NONE
2026-04-12 16:50:19.5779 DEBUG::Analysis method: LM
2026-04-12 16:50:19.578021 DEBUG::Max significance: 1.000000
2026-04-12 16:50:19.578144 DEBUG::Random effects:
2026-04-12 16:50:19.578264 DEBUG::Fixed effects: E1
2026-04-12 16:50:19.578384 DEBUG::Correction method: BH
2026-04-12 16:50:19.578504 DEBUG::Standardize: FALSE
2026-04-12 16:50:19.578621 DEBUG::Cores: 1
2026-04-12 16:50:19.578735 INFO::Verifying options selected are valid
2026-04-12 16:50:19.578984 INFO::Determining format of input files
2026-04-12 16:50:19.579336 INFO::Input format is data samples as columns and metadata samples as rows
2026-04-12 16:50:19.579883 DEBUG::Transformed data so samples are rows
2026-04-12 16:50:19.580138 DEBUG::A total of 55 samples were found in both the data and metadata
2026-04-12 16:50:19.580271 DEBUG::Reordering data/metadata to use same sample ordering
2026-04-12 16:50:19.5808 INFO::Formula for fixed effects: expr ~  E1
2026-04-12 16:50:19.58108 INFO::Factor detected for categorial metadata 'E1'. Provide a reference argument or manually set factor ordering to change reference level.
2026-04-12 16:50:19.581301 INFO::Filter data based on min abundance and min prevalence
2026-04-12 16:50:19.581518 INFO::Total samples in data: 55
2026-04-12 16:50:19.581731 INFO::Min samples required with min abundance for a feature not to be filtered: 0.000000
2026-04-12 16:50:19.582401 INFO::Total filtered features: 0
2026-04-12 16:50:19.582644 INFO::Filtered feature names from abundance and prevalence filtering:
2026-04-12 16:50:19.583537 INFO::Total filtered features with variance filtering: 0
2026-04-12 16:50:19.58379 INFO::Filtered feature names from variance filtering:
2026-04-12 16:50:19.584013 INFO::Running selected normalization method: NONE
2026-04-12 16:50:19.584225 INFO::Bypass z-score application to metadata
2026-04-12 16:50:19.58443 INFO::Running selected transform method: NONE
2026-04-12 16:50:19.584636 INFO::Running selected analysis method: LM
2026-04-12 16:50:19.584876 INFO::Fitting model to feature number 1, T1
2026-04-12 16:50:19.585942 INFO::Fitting model to feature number 2, T2
2026-04-12 16:50:19.586879 INFO::Fitting model to feature number 3, T3
2026-04-12 16:50:19.587806 INFO::Fitting model to feature number 4, T4
2026-04-12 16:50:19.588725 INFO::Fitting model to feature number 5, T5
2026-04-12 16:50:19.589632 INFO::Fitting model to feature number 6, T6
2026-04-12 16:50:19.590532 INFO::Fitting model to feature number 7, T7
2026-04-12 16:50:19.591416 INFO::Fitting model to feature number 8, T8
2026-04-12 16:50:19.592317 INFO::Fitting model to feature number 9, T9
2026-04-12 16:50:19.593226 INFO::Fitting model to feature number 10, T10
2026-04-12 16:50:19.594125 INFO::Fitting model to feature number 11, T11
2026-04-12 16:50:19.595023 INFO::Fitting model to feature number 12, T12
2026-04-12 16:50:19.596113 INFO::Fitting model to feature number 13, T13
2026-04-12 16:50:19.597192 INFO::Fitting model to feature number 14, T14
2026-04-12 16:50:19.598161 INFO::Fitting model to feature number 15, T15
2026-04-12 16:50:19.599085 INFO::Fitting model to feature number 16, T16
2026-04-12 16:50:19.600022 INFO::Fitting model to feature number 17, T17
2026-04-12 16:50:19.600939 INFO::Fitting model to feature number 18, T18
2026-04-12 16:50:19.601878 INFO::Fitting model to feature number 19, T19
2026-04-12 16:50:19.602786 INFO::Fitting model to feature number 20, T20
2026-04-12 16:50:19.603685 INFO::Fitting model to feature number 21, T21
2026-04-12 16:50:19.604567 INFO::Fitting model to feature number 22, T22
2026-04-12 16:50:19.605454 INFO::Fitting model to feature number 23, T23
2026-04-12 16:50:19.606433 INFO::Fitting model to feature number 24, T24
2026-04-12 16:50:19.607408 INFO::Fitting model to feature number 25, T25
2026-04-12 16:50:19.608352 INFO::Fitting model to feature number 26, T26
2026-04-12 16:50:19.609267 INFO::Fitting model to feature number 27, T27
2026-04-12 16:50:19.610195 INFO::Fitting model to feature number 28, T28
2026-04-12 16:50:19.611095 INFO::Fitting model to feature number 29, T29
2026-04-12 16:50:19.611998 INFO::Fitting model to feature number 30, T30
2026-04-12 16:50:19.613014 INFO::Fitting model to feature number 31, T31
2026-04-12 16:50:19.614029 INFO::Fitting model to feature number 32, T32
2026-04-12 16:50:19.614942 INFO::Fitting model to feature number 33, T33
2026-04-12 16:50:19.615857 INFO::Fitting model to feature number 34, T34
2026-04-12 16:50:19.616768 INFO::Fitting model to feature number 35, T35
2026-04-12 16:50:19.617683 INFO::Fitting model to feature number 36, T36
2026-04-12 16:50:19.618591 INFO::Fitting model to feature number 37, T37
2026-04-12 16:50:19.619494 INFO::Fitting model to feature number 38, T38
2026-04-12 16:50:19.620415 INFO::Fitting model to feature number 39, T39
2026-04-12 16:50:19.621318 INFO::Fitting model to feature number 40, T40
2026-04-12 16:50:19.622228 INFO::Fitting model to feature number 41, T41
2026-04-12 16:50:19.623141 INFO::Fitting model to feature number 42, T42
2026-04-12 16:50:19.624046 INFO::Fitting model to feature number 43, T43
2026-04-12 16:50:19.624946 INFO::Fitting model to feature number 44, T44
2026-04-12 16:50:19.625856 INFO::Fitting model to feature number 45, T45
2026-04-12 16:50:19.626767 INFO::Fitting model to feature number 46, T46
2026-04-12 16:50:19.627672 INFO::Fitting model to feature number 47, T48
2026-04-12 16:50:19.628569 INFO::Fitting model to feature number 48, T49
2026-04-12 16:50:19.629511 INFO::Fitting model to feature number 49, T50
2026-04-12 16:50:19.630418 INFO::Fitting model to feature number 50, T51
2026-04-12 16:50:19.631315 INFO::Fitting model to feature number 51, T52
2026-04-12 16:50:19.632228 INFO::Fitting model to feature number 52, T53
2026-04-12 16:50:19.63316 INFO::Fitting model to feature number 53, T54
2026-04-12 16:50:19.634071 INFO::Fitting model to feature number 54, T55
2026-04-12 16:50:19.63498 INFO::Fitting model to feature number 55, T57
2026-04-12 16:50:19.635897 INFO::Fitting model to feature number 56, T58
2026-04-12 16:50:19.63681 INFO::Fitting model to feature number 57, T59
2026-04-12 16:50:19.637719 INFO::Fitting model to feature number 58, T60
2026-04-12 16:50:19.63864 INFO::Fitting model to feature number 59, T61
2026-04-12 16:50:19.639543 INFO::Fitting model to feature number 60, T62
2026-04-12 16:50:19.640439 INFO::Fitting model to feature number 61, T63
2026-04-12 16:50:19.64133 INFO::Fitting model to feature number 62, T64
2026-04-12 16:50:19.642217 INFO::Fitting model to feature number 63, T65
2026-04-12 16:50:19.643117 INFO::Fitting model to feature number 64, T66
2026-04-12 16:50:19.644005 INFO::Fitting model to feature number 65, T67
2026-04-12 16:50:19.644903 INFO::Fitting model to feature number 66, T68
2026-04-12 16:50:19.645863 INFO::Fitting model to feature number 67, T69
2026-04-12 16:50:19.646819 INFO::Fitting model to feature number 68, T70
2026-04-12 16:50:19.647753 INFO::Fitting model to feature number 69, T71
2026-04-12 16:50:19.648658 INFO::Fitting model to feature number 70, T72
2026-04-12 16:50:19.649587 INFO::Fitting model to feature number 71, T73
2026-04-12 16:50:19.650495 INFO::Fitting model to feature number 72, T74
2026-04-12 16:50:19.651405 INFO::Fitting model to feature number 73, T75
2026-04-12 16:50:19.65231 INFO::Fitting model to feature number 74, T76
2026-04-12 16:50:19.653231 INFO::Fitting model to feature number 75, T77
2026-04-12 16:50:19.654142 INFO::Fitting model to feature number 76, T78
2026-04-12 16:50:19.655052 INFO::Fitting model to feature number 77, T79
2026-04-12 16:50:19.655958 INFO::Fitting model to feature number 78, T80
2026-04-12 16:50:19.656867 INFO::Fitting model to feature number 79, T81
2026-04-12 16:50:19.657779 INFO::Fitting model to feature number 80, T82
2026-04-12 16:50:19.658743 INFO::Fitting model to feature number 81, T83
2026-04-12 16:50:19.659675 INFO::Fitting model to feature number 82, T85
2026-04-12 16:50:19.660585 INFO::Fitting model to feature number 83, T86
2026-04-12 16:50:19.661496 INFO::Fitting model to feature number 84, T87
2026-04-12 16:50:19.662485 INFO::Fitting model to feature number 85, T88
2026-04-12 16:50:19.663468 INFO::Fitting model to feature number 86, T89
2026-04-12 16:50:19.664392 INFO::Fitting model to feature number 87, T90
2026-04-12 16:50:19.665318 INFO::Fitting model to feature number 88, T91
2026-04-12 16:50:19.666238 INFO::Fitting model to feature number 89, T92
2026-04-12 16:50:19.667134 INFO::Fitting model to feature number 90, T93
2026-04-12 16:50:19.726652 INFO::Fitting model to feature number 91, T94
2026-04-12 16:50:19.728585 INFO::Fitting model to feature number 92, T95
2026-04-12 16:50:19.729967 INFO::Fitting model to feature number 93, T96
2026-04-12 16:50:19.731314 INFO::Fitting model to feature number 94, T97
2026-04-12 16:50:19.732713 INFO::Fitting model to feature number 95, T98
2026-04-12 16:50:19.734139 INFO::Fitting model to feature number 96, T99
2026-04-12 16:50:19.73529 INFO::Fitting model to feature number 97, T100
2026-04-12 16:50:19.744156 INFO::Counting total values for each feature
2026-04-12 16:50:19.746766 INFO::Writing filtered data to file MMUPHin_lm_meta//HanniganGD_2017.metaphlan_bugs_list.stool/features/filtered_data.tsv
2026-04-12 16:50:19.749789 INFO::Writing filtered, normalized data to file MMUPHin_lm_meta//HanniganGD_2017.metaphlan_bugs_list.stool/features/filtered_data_norm.tsv
2026-04-12 16:50:19.752372 INFO::Writing filtered, normalized, transformed data to file MMUPHin_lm_meta//HanniganGD_2017.metaphlan_bugs_list.stool/features/filtered_data_norm_transformed.tsv
2026-04-12 16:50:19.755209 WARNING::Deleting existing residuals file: MMUPHin_lm_meta//HanniganGD_2017.metaphlan_bugs_list.stool/fits/residuals.rds
2026-04-12 16:50:19.755994 INFO::Writing residuals to file MMUPHin_lm_meta//HanniganGD_2017.metaphlan_bugs_list.stool/fits/residuals.rds
2026-04-12 16:50:19.757038 WARNING::Deleting existing fitted file: MMUPHin_lm_meta//HanniganGD_2017.metaphlan_bugs_list.stool/fits/fitted.rds
2026-04-12 16:50:19.757461 INFO::Writing fitted values to file MMUPHin_lm_meta//HanniganGD_2017.metaphlan_bugs_list.stool/fits/fitted.rds
2026-04-12 16:50:19.758053 INFO::Writing all results to file (ordered by increasing q-values): MMUPHin_lm_meta//HanniganGD_2017.metaphlan_bugs_list.stool/all_results.tsv
2026-04-12 16:50:19.759122 INFO::Writing the significant results (those which are less than or equal to the threshold of 1.000000 ) to file (ordered by increasing q-values): MMUPHin_lm_meta//HanniganGD_2017.metaphlan_bugs_list.stool/significant_results.tsv
2026-04-12 16:50:19.764222 WARNING::Input is a matrix, passing through as.data.frame() .
