2026-04-12 16:50:19.42999 INFO::Writing function arguments to log file
2026-04-12 16:50:19.430439 DEBUG::Function arguments
2026-04-12 16:50:19.430622 DEBUG::Output folder: MMUPHin_lm_meta//FengQ_2015.metaphlan_bugs_list.stool
2026-04-12 16:50:19.430775 DEBUG::Min Abundance: 0.000000
2026-04-12 16:50:19.43092 DEBUG::Min Prevalence: 0.000000
2026-04-12 16:50:19.431059 DEBUG::Normalization: NONE
2026-04-12 16:50:19.431198 DEBUG::Transform: NONE
2026-04-12 16:50:19.43133 DEBUG::Analysis method: LM
2026-04-12 16:50:19.431458 DEBUG::Max significance: 1.000000
2026-04-12 16:50:19.431586 DEBUG::Random effects:
2026-04-12 16:50:19.431715 DEBUG::Fixed effects: E1
2026-04-12 16:50:19.431841 DEBUG::Correction method: BH
2026-04-12 16:50:19.431966 DEBUG::Standardize: FALSE
2026-04-12 16:50:19.43209 DEBUG::Cores: 1
2026-04-12 16:50:19.432209 INFO::Verifying options selected are valid
2026-04-12 16:50:19.432477 INFO::Determining format of input files
2026-04-12 16:50:19.43277 INFO::Input format is data samples as columns and metadata samples as rows
2026-04-12 16:50:19.43351 DEBUG::Transformed data so samples are rows
2026-04-12 16:50:19.433789 DEBUG::A total of 107 samples were found in both the data and metadata
2026-04-12 16:50:19.433919 DEBUG::Reordering data/metadata to use same sample ordering
2026-04-12 16:50:19.434499 INFO::Formula for fixed effects: expr ~  E1
2026-04-12 16:50:19.434782 INFO::Factor detected for categorial metadata 'E1'. Provide a reference argument or manually set factor ordering to change reference level.
2026-04-12 16:50:19.435006 INFO::Filter data based on min abundance and min prevalence
2026-04-12 16:50:19.435231 INFO::Total samples in data: 107
2026-04-12 16:50:19.435447 INFO::Min samples required with min abundance for a feature not to be filtered: 0.000000
2026-04-12 16:50:19.436189 INFO::Total filtered features: 0
2026-04-12 16:50:19.436452 INFO::Filtered feature names from abundance and prevalence filtering:
2026-04-12 16:50:19.437517 INFO::Total filtered features with variance filtering: 0
2026-04-12 16:50:19.437793 INFO::Filtered feature names from variance filtering:
2026-04-12 16:50:19.438043 INFO::Running selected normalization method: NONE
2026-04-12 16:50:19.438275 INFO::Bypass z-score application to metadata
2026-04-12 16:50:19.438512 INFO::Running selected transform method: NONE
2026-04-12 16:50:19.438757 INFO::Running selected analysis method: LM
2026-04-12 16:50:19.439038 INFO::Fitting model to feature number 1, T1
2026-04-12 16:50:19.440206 INFO::Fitting model to feature number 2, T2
2026-04-12 16:50:19.441228 INFO::Fitting model to feature number 3, T3
2026-04-12 16:50:19.442212 INFO::Fitting model to feature number 4, T4
2026-04-12 16:50:19.443189 INFO::Fitting model to feature number 5, T5
2026-04-12 16:50:19.444258 INFO::Fitting model to feature number 6, T6
2026-04-12 16:50:19.445277 INFO::Fitting model to feature number 7, T7
2026-04-12 16:50:19.446359 INFO::Fitting model to feature number 8, T8
2026-04-12 16:50:19.447451 INFO::Fitting model to feature number 9, T9
2026-04-12 16:50:19.448551 INFO::Fitting model to feature number 10, T10
2026-04-12 16:50:19.44971 INFO::Fitting model to feature number 11, T11
2026-04-12 16:50:19.450967 INFO::Fitting model to feature number 12, T12
2026-04-12 16:50:19.452369 INFO::Fitting model to feature number 13, T13
2026-04-12 16:50:19.453564 INFO::Fitting model to feature number 14, T14
2026-04-12 16:50:19.464417 INFO::Fitting model to feature number 15, T15
2026-04-12 16:50:19.465636 INFO::Fitting model to feature number 16, T16
2026-04-12 16:50:19.466603 INFO::Fitting model to feature number 17, T17
2026-04-12 16:50:19.467552 INFO::Fitting model to feature number 18, T18
2026-04-12 16:50:19.46848 INFO::Fitting model to feature number 19, T19
2026-04-12 16:50:19.469405 INFO::Fitting model to feature number 20, T20
2026-04-12 16:50:19.470334 INFO::Fitting model to feature number 21, T21
2026-04-12 16:50:19.471275 INFO::Fitting model to feature number 22, T22
2026-04-12 16:50:19.472203 INFO::Fitting model to feature number 23, T23
2026-04-12 16:50:19.473134 INFO::Fitting model to feature number 24, T24
2026-04-12 16:50:19.474104 INFO::Fitting model to feature number 25, T25
2026-04-12 16:50:19.475036 INFO::Fitting model to feature number 26, T26
2026-04-12 16:50:19.47596 INFO::Fitting model to feature number 27, T27
2026-04-12 16:50:19.476886 INFO::Fitting model to feature number 28, T28
2026-04-12 16:50:19.477803 INFO::Fitting model to feature number 29, T29
2026-04-12 16:50:19.478718 INFO::Fitting model to feature number 30, T30
2026-04-12 16:50:19.479734 INFO::Fitting model to feature number 31, T31
2026-04-12 16:50:19.480716 INFO::Fitting model to feature number 32, T32
2026-04-12 16:50:19.48164 INFO::Fitting model to feature number 33, T33
2026-04-12 16:50:19.48256 INFO::Fitting model to feature number 34, T34
2026-04-12 16:50:19.483491 INFO::Fitting model to feature number 35, T35
2026-04-12 16:50:19.484454 INFO::Fitting model to feature number 36, T36
2026-04-12 16:50:19.485394 INFO::Fitting model to feature number 37, T37
2026-04-12 16:50:19.486333 INFO::Fitting model to feature number 38, T38
2026-04-12 16:50:19.487269 INFO::Fitting model to feature number 39, T39
2026-04-12 16:50:19.488199 INFO::Fitting model to feature number 40, T40
2026-04-12 16:50:19.489138 INFO::Fitting model to feature number 41, T41
2026-04-12 16:50:19.49006 INFO::Fitting model to feature number 42, T42
2026-04-12 16:50:19.490972 INFO::Fitting model to feature number 43, T43
2026-04-12 16:50:19.491913 INFO::Fitting model to feature number 44, T44
2026-04-12 16:50:19.492846 INFO::Fitting model to feature number 45, T45
2026-04-12 16:50:19.493774 INFO::Fitting model to feature number 46, T46
2026-04-12 16:50:19.494701 INFO::Fitting model to feature number 47, T47
2026-04-12 16:50:19.49563 INFO::Fitting model to feature number 48, T48
2026-04-12 16:50:19.496596 INFO::Fitting model to feature number 49, T49
2026-04-12 16:50:19.497515 INFO::Fitting model to feature number 50, T50
2026-04-12 16:50:19.498451 INFO::Fitting model to feature number 51, T51
2026-04-12 16:50:19.499384 INFO::Fitting model to feature number 52, T52
2026-04-12 16:50:19.500325 INFO::Fitting model to feature number 53, T53
2026-04-12 16:50:19.501248 INFO::Fitting model to feature number 54, T54
2026-04-12 16:50:19.502182 INFO::Fitting model to feature number 55, T55
2026-04-12 16:50:19.503098 INFO::Fitting model to feature number 56, T56
2026-04-12 16:50:19.50402 INFO::Fitting model to feature number 57, T57
2026-04-12 16:50:19.504951 INFO::Fitting model to feature number 58, T58
2026-04-12 16:50:19.50587 INFO::Fitting model to feature number 59, T59
2026-04-12 16:50:19.506779 INFO::Fitting model to feature number 60, T60
2026-04-12 16:50:19.507689 INFO::Fitting model to feature number 61, T61
2026-04-12 16:50:19.508616 INFO::Fitting model to feature number 62, T62
2026-04-12 16:50:19.509536 INFO::Fitting model to feature number 63, T63
2026-04-12 16:50:19.510459 INFO::Fitting model to feature number 64, T64
2026-04-12 16:50:19.511368 INFO::Fitting model to feature number 65, T65
2026-04-12 16:50:19.512268 INFO::Fitting model to feature number 66, T66
2026-04-12 16:50:19.51321 INFO::Fitting model to feature number 67, T67
2026-04-12 16:50:19.514132 INFO::Fitting model to feature number 68, T68
2026-04-12 16:50:19.515044 INFO::Fitting model to feature number 69, T69
2026-04-12 16:50:19.515974 INFO::Fitting model to feature number 70, T70
2026-04-12 16:50:19.516889 INFO::Fitting model to feature number 71, T71
2026-04-12 16:50:19.51781 INFO::Fitting model to feature number 72, T72
2026-04-12 16:50:19.51873 INFO::Fitting model to feature number 73, T73
2026-04-12 16:50:19.519645 INFO::Fitting model to feature number 74, T74
2026-04-12 16:50:19.520572 INFO::Fitting model to feature number 75, T75
2026-04-12 16:50:19.521478 INFO::Fitting model to feature number 76, T76
2026-04-12 16:50:19.522396 INFO::Fitting model to feature number 77, T77
2026-04-12 16:50:19.523311 INFO::Fitting model to feature number 78, T78
2026-04-12 16:50:19.524225 INFO::Fitting model to feature number 79, T79
2026-04-12 16:50:19.525141 INFO::Fitting model to feature number 80, T80
2026-04-12 16:50:19.526106 INFO::Fitting model to feature number 81, T81
2026-04-12 16:50:19.52703 INFO::Fitting model to feature number 82, T82
2026-04-12 16:50:19.527951 INFO::Fitting model to feature number 83, T83
2026-04-12 16:50:19.528873 INFO::Fitting model to feature number 84, T84
2026-04-12 16:50:19.529816 INFO::Fitting model to feature number 85, T85
2026-04-12 16:50:19.530748 INFO::Fitting model to feature number 86, T86
2026-04-12 16:50:19.53167 INFO::Fitting model to feature number 87, T87
2026-04-12 16:50:19.532603 INFO::Fitting model to feature number 88, T88
2026-04-12 16:50:19.533516 INFO::Fitting model to feature number 89, T89
2026-04-12 16:50:19.534435 INFO::Fitting model to feature number 90, T90
2026-04-12 16:50:19.535347 INFO::Fitting model to feature number 91, T91
2026-04-12 16:50:19.536264 INFO::Fitting model to feature number 92, T92
2026-04-12 16:50:19.537187 INFO::Fitting model to feature number 93, T93
2026-04-12 16:50:19.538091 INFO::Fitting model to feature number 94, T94
2026-04-12 16:50:19.539024 INFO::Fitting model to feature number 95, T95
2026-04-12 16:50:19.539946 INFO::Fitting model to feature number 96, T96
2026-04-12 16:50:19.54087 INFO::Fitting model to feature number 97, T97
2026-04-12 16:50:19.541782 INFO::Fitting model to feature number 98, T98
2026-04-12 16:50:19.542717 INFO::Fitting model to feature number 99, T99
2026-04-12 16:50:19.543642 INFO::Fitting model to feature number 100, T100
2026-04-12 16:50:19.549029 INFO::Counting total values for each feature
2026-04-12 16:50:19.550943 INFO::Writing filtered data to file MMUPHin_lm_meta//FengQ_2015.metaphlan_bugs_list.stool/features/filtered_data.tsv
2026-04-12 16:50:19.556586 INFO::Writing filtered, normalized data to file MMUPHin_lm_meta//FengQ_2015.metaphlan_bugs_list.stool/features/filtered_data_norm.tsv
2026-04-12 16:50:19.561981 INFO::Writing filtered, normalized, transformed data to file MMUPHin_lm_meta//FengQ_2015.metaphlan_bugs_list.stool/features/filtered_data_norm_transformed.tsv
2026-04-12 16:50:19.567367 WARNING::Deleting existing residuals file: MMUPHin_lm_meta//FengQ_2015.metaphlan_bugs_list.stool/fits/residuals.rds
2026-04-12 16:50:19.568138 INFO::Writing residuals to file MMUPHin_lm_meta//FengQ_2015.metaphlan_bugs_list.stool/fits/residuals.rds
2026-04-12 16:50:19.570172 WARNING::Deleting existing fitted file: MMUPHin_lm_meta//FengQ_2015.metaphlan_bugs_list.stool/fits/fitted.rds
2026-04-12 16:50:19.570592 INFO::Writing fitted values to file MMUPHin_lm_meta//FengQ_2015.metaphlan_bugs_list.stool/fits/fitted.rds
2026-04-12 16:50:19.571328 INFO::Writing all results to file (ordered by increasing q-values): MMUPHin_lm_meta//FengQ_2015.metaphlan_bugs_list.stool/all_results.tsv
2026-04-12 16:50:19.572382 INFO::Writing the significant results (those which are less than or equal to the threshold of 1.000000 ) to file (ordered by increasing q-values): MMUPHin_lm_meta//FengQ_2015.metaphlan_bugs_list.stool/significant_results.tsv
2026-04-12 16:50:19.575935 WARNING::Input is a matrix, passing through as.data.frame() .
